0.00 -31.00 17.00 -51.00 0.00 0.00 22.00 73.00 0.00 0.00 0.00 45.00 -58.00 -48.00 0.00 0.00 84.00 -44.00 0.00 0.00 0.00 0.00 0.00 0.00 0.00 0.00 0.00 0.00 0.00 0.00 0.00 0.00 0.00 0.00 0.00 0.00 0.00 0.00 0.00 0.00 
1.00 -4.00 21.00 38.00 2.00 -1.00 19.00 -35.00 -3.00 -3.00 -1.00 -51.00 49.00 -39.00 0.00 0.00 -39.00 -38.00 0.00 0.00 0.00 0.00 0.00 0.00 0.00 0.00 0.00 0.00 0.00 0.00 0.00 0.00 0.00 0.00 0.00 0.00 0.00 0.00 0.00 0.00 
0.00 -31.00 17.00 -51.00 0.00 0.00 22.00 73.00 0.00 0.00 0.00 45.00 -58.00 -48.00 0.00 0.00 84.00 -44.00 0.00 0.00 0.00 0.00 0.00 0.00 0.00 0.00 0.00 0.00 0.00 0.00 0.00 0.00 0.00 0.00 0.00 0.00 0.00 0.00 0.00 0.00 
1.00 -4.00 21.00 38.00 2.00 -1.00 19.00 -35.00 -3.00 -3.00 -1.00 -51.00 49.00 -39.00 0.00 0.00 -39.00 -38.00 0.00 0.00 0.00 0.00 0.00 0.00 0.00 0.00 0.00 0.00 0.00 0.00 0.00 0.00 0.00 0.00 0.00 0.00 0.00 0.00 0.00 0.00 
-178.00 -57.00 21.00 38.00 2.00 -1.00 19.00 -35.00 -3.00 -3.00 -1.00 45.00 49.00 -39.00 0.00 0.00 -39.00 -38.00 0.00 0.00 0.00 0.00 0.00 0.00 0.00 0.00 0.00 0.00 0.00 0.00 0.00 0.00 0.00 0.00 0.00 0.00 0.00 0.00 0.00 0.00 
1.00 -4.00 21.00 38.00 2.00 -1.00 19.00 -35.00 -3.00 -3.00 -1.00 -51.00 49.00 -39.00 0.00 0.00 -39.00 -38.00 0.00 0.00 0.00 0.00 0.00 0.00 0.00 0.00 0.00 0.00 0.00 0.00 0.00 0.00 0.00 0.00 0.00 0.00 0.00 0.00 0.00 0.00 
-178.00 -57.00 21.00 38.00 2.00 -1.00 19.00 -35.00 -3.00 -3.00 -1.00 45.00 49.00 -39.00 0.00 0.00 -39.00 -38.00 0.00 0.00 0.00 0.00 0.00 0.00 0.00 0.00 0.00 0.00 0.00 0.00 0.00 0.00 0.00 0.00 0.00 0.00 0.00 0.00 0.00 0.00 
-358.00 -79.00 21.00 38.00 2.00 -1.00 19.00 -35.00 -3.00 -3.00 -1.00 -51.00 49.00 -39.00 0.00 0.00 -39.00 -38.00 0.00 0.00 0.00 0.00 0.00 0.00 0.00 0.00 0.00 0.00 0.00 0.00 0.00 0.00 0.00 0.00 0.00 0.00 0.00 0.00 0.00 0.00 
0.00 -31.00 17.00 -51.00 0.00 0.00 22.00 73.00 0.00 0.00 0.00 45.00 -58.00 -48.00 0.00 0.00 84.00 -44.00 0.00 0.00 0.00 0.00 0.00 0.00 0.00 0.00 0.00 0.00 0.00 0.00 0.00 0.00 0.00 0.00 0.00 0.00 0.00 0.00 0.00 0.00 
1.00 -4.00 21.00 38.00 2.00 -1.00 19.00 -35.00 -3.00 -3.00 -1.00 -51.00 49.00 -39.00 0.00 0.00 -39.00 -38.00 0.00 0.00 0.00 0.00 0.00 0.00 0.00 0.00 0.00 0.00 0.00 0.00 0.00 0.00 0.00 0.00 0.00 0.00 0.00 0.00 0.00 0.00 
0.00 -31.00 17.00 -51.00 0.00 0.00 22.00 73.00 0.00 0.00 0.00 45.00 -58.00 -48.00 0.00 0.00 84.00 -44.00 0.00 0.00 0.00 0.00 0.00 0.00 0.00 0.00 0.00 0.00 0.00 0.00 0.00 0.00 0.00 0.00 0.00 0.00 0.00 0.00 0.00 0.00 
1.00 -4.00 21.00 38.00 2.00 -1.00 19.00 -35.00 -3.00 -3.00 -1.00 -51.00 49.00 -39.00 0.00 0.00 -39.00 -38.00 0.00 0.00 0.00 0.00 0.00 0.00 0.00 0.00 0.00 0.00 0.00 0.00 0.00 0.00 0.00 0.00 0.00 0.00 0.00 0.00 0.00 0.00 
-178.00 -57.00 21.00 38.00 2.00 -1.00 19.00 -35.00 -3.00 -3.00 -1.00 45.00 49.00 -39.00 0.00 0.00 -39.00 -38.00 0.00 0.00 0.00 0.00 0.00 0.00 0.00 0.00 0.00 0.00 0.00 0.00 0.00 0.00 0.00 0.00 0.00 0.00 0.00 0.00 0.00 0.00
-358.00 -79.00 21.00 38.00 2.00 -1.00 19.00 -35.00 -3.00 -3.00 -1.00 -51.00 49.00 -39.00 0.00 0.00 -39.00 -38.00 0.00 0.00 0.00 0.00 0.00 0.00 0.00 0.00 0.00 0.00 0.00 0.00 0.00 0.00 0.00 0.00 0.00 0.00 0.00 0.00 0.00 0.00
-178.00 -57.00 21.00 38.00 2.00 -1.00 19.00 -35.00 -3.00 -3.00 -1.00 45.00 49.00 -39.00 0.00 0.00 -39.00 -38.00 0.00 0.00 0.00 0.00 0.00 0.00 0.00 0.00 0.00 0.00 0.00 0.00 0.00 0.00 0.00 0.00 0.00 0.00 0.00 0.00 0.00 0.00 
1.00 -4.00 21.00 38.00 2.00 -1.00 19.00 -35.00 -3.00 -3.00 -1.00 -51.00 49.00 -39.00 0.00 0.00 -39.00 -38.00 0.00 0.00 0.00 0.00 0.00 0.00 0.00 0.00 0.00 0.00 0.00 0.00 0.00 0.00 0.00 0.00 0.00 0.00 0.00 0.00 0.00 0.00 
-178.00 -57.00 21.00 38.00 2.00 -1.00 19.00 -35.00 -3.00 -3.00 -1.00 45.00 49.00 -39.00 0.00 0.00 -39.00 -38.00 0.00 0.00 0.00 0.00 0.00 0.00 0.00 0.00 0.00 0.00 0.00 0.00 0.00 0.00 0.00 0.00 0.00 0.00 0.00 0.00 0.00 0.00 
-358.00 -79.00 21.00 38.00 2.00 -1.00 19.00 -35.00 -3.00 -3.00 -1.00 -51.00 49.00 -39.00 0.00 0.00 -39.00 -38.00 0.00 0.00 0.00 0.00 0.00 0.00 0.00 0.00 0.00 0.00 0.00 0.00 0.00 0.00 0.00 0.00 0.00 0.00 0.00 0.00 0.00 0.00
47.00 -9.00 -19.00 35.00 0.00 0.00 38.00 84.00 0.00 0.00 -46.00 -5.00 0.00 0.00 0.00 0.00 0.00 0.00 0.00 0.00 0.00 0.00 0.00 0.00 0.00 0.00 0.00 0.00 0.00 0.00 0.00 0.00 0.00 0.00 0.00 0.00 0.00 0.00 0.00 0.00 
-46.00 -89.00 19.00 -47.00 0.00 0.00 -7.00 -42.00 0.00 0.00 41.00 -8.00 0.00 0.00 0.00 0.00 0.00 0.00 0.00 0.00 0.00 0.00 0.00 0.00 0.00 0.00 0.00 0.00 0.00 0.00 0.00 0.00 0.00 0.00 0.00 0.00 0.00 0.00 0.00 0.00 
1.00 -187.00 -17.00 -57.00 0.00 0.00 35.00 89.00 0.00 0.00 0.00 -9.00 -95.00 -51.00 0.00 0.00 80.00 -52.00 0.00 0.00 0.00 0.00 0.00 0.00 0.00 0.00 0.00 0.00 0.00 0.00 0.00 0.00 0.00 0.00 0.00 0.00 0.00 0.00 0.00 0.00 
-178.00 -57.00 21.00 38.00 2.00 -1.00 19.00 -35.00 -3.00 -3.00 -1.00 45.00 49.00 -39.00 0.00 0.00 -39.00 -38.00 0.00 0.00 0.00 0.00 0.00 0.00 0.00 0.00 0.00 0.00 0.00 0.00 0.00 0.00 0.00 0.00 0.00 0.00 0.00 0.00 0.00 0.00 
1.00 -4.00 21.00 38.00 2.00 -1.00 19.00 -35.00 -3.00 -3.00 -1.00 -51.00 49.00 -39.00 0.00 0.00 -39.00 -38.00 0.00 0.00 0.00 0.00 0.00 0.00 0.00 0.00 0.00 0.00 0.00 0.00 0.00 0.00 0.00 0.00 0.00 0.00 0.00 0.00 0.00 0.00 
-178.00 -57.00 21.00 38.00 2.00 -1.00 19.00 -35.00 -3.00 -3.00 -1.00 45.00 49.00 -39.00 0.00 0.00 -39.00 -38.00 0.00 0.00 0.00 0.00 0.00 0.00 0.00 0.00 0.00 0.00 0.00 0.00 0.00 0.00 0.00 0.00 0.00 0.00 0.00 0.00 0.00 0.00 
-358.00 -79.00 21.00 38.00 2.00 -1.00 19.00 -35.00 -3.00 -3.00 -1.00 -51.00 49.00 -39.00 0.00 0.00 -39.00 -38.00 0.00 0.00 0.00 0.00 0.00 0.00 0.00 0.00 0.00 0.00 0.00 0.00 0.00 0.00 0.00 0.00 0.00 0.00 0.00 0.00 0.00 0.00 
0.00 -31.00 17.00 -51.00 0.00 0.00 22.00 73.00 0.00 0.00 0.00 45.00 -58.00 -48.00 0.00 0.00 84.00 -44.00 0.00 0.00 0.00 0.00 0.00 0.00 0.00 0.00 0.00 0.00 0.00 0.00 0.00 0.00 0.00 0.00 0.00 0.00 0.00 0.00 0.00 0.00 
1.00 -4.00 21.00 38.00 2.00 -1.00 19.00 -35.00 -3.00 -3.00 -1.00 -51.00 49.00 -39.00 0.00 0.00 -39.00 -38.00 0.00 0.00 0.00 0.00 0.00 0.00 0.00 0.00 0.00 0.00 0.00 0.00 0.00 0.00 0.00 0.00 0.00 0.00 0.00 0.00 0.00 0.00 
0.00 -31.00 17.00 -51.00 0.00 0.00 22.00 73.00 0.00 0.00 0.00 45.00 -58.00 -48.00 0.00 0.00 84.00 -44.00 0.00 0.00 0.00 0.00 0.00 0.00 0.00 0.00 0.00 0.00 0.00 0.00 0.00 0.00 0.00 0.00 0.00 0.00 0.00 0.00 0.00 0.00 
1.00 -4.00 21.00 38.00 2.00 -1.00 19.00 -35.00 -3.00 -3.00 -1.00 -51.00 49.00 -39.00 0.00 0.00 -39.00 -38.00 0.00 0.00 0.00 0.00 0.00 0.00 0.00 0.00 0.00 0.00 0.00 0.00 0.00 0.00 0.00 0.00 0.00 0.00 0.00 0.00 0.00 0.00 
0.00 -31.00 17.00 -51.00 0.00 0.00 22.00 73.00 0.00 0.00 0.00 45.00 -58.00 -48.00 0.00 0.00 84.00 -44.00 0.00 0.00 0.00 0.00 0.00 0.00 0.00 0.00 0.00 0.00 0.00 0.00 0.00 0.00 0.00 0.00 0.00 0.00 0.00 0.00 0.00 0.00 